method				auc				f1				gmean				size				featnum				dataset					raingtime
method				auc				f1				gmean				size				featnum				dataset					raingtime
fsl_dist				0.9431				0.8421				0.8776				163.1333				2496				lapointe-2004-v2				82.46400747299194
[0.9325396825396824, 0.9603174603174603, 0.9444444444444444, 0.9285714285714286, 0.9682539682539684, 1.0, 0.9682539682539683, 0.9444444444444444, 0.9087301587301587, 0.9841269841269842, 0.9285714285714286, 0.9523809523809523, 0.9880952380952381, 0.8968253968253967, 0.8333333333333333, 0.9206349206349206, 0.9246031746031746, 0.9603174603174602, 0.9484126984126984, 0.9206349206349207, 0.9841269841269842, 0.9325396825396826, 0.9126984126984127, 0.9087301587301587, 0.9206349206349206, 0.9920634920634921, 0.9841269841269841, 0.9007936507936508, 0.9603174603174602, 0.9841269841269842]
[0.8148148148148148, 0.8, 0.8333333333333334, 0.9166666666666666, 0.88, 0.9565217391304348, 0.7692307692307693, 0.9166666666666666, 0.8461538461538461, 0.9565217391304348, 0.8461538461538461, 0.9230769230769231, 0.8695652173913043, 0.8148148148148148, 0.6923076923076923, 0.9166666666666666, 0.8, 0.8461538461538461, 0.8461538461538461, 0.7272727272727273, 0.9230769230769231, 0.8695652173913043, 0.6956521739130435, 0.7407407407407407, 0.8333333333333334, 0.8888888888888888, 0.8461538461538461, 0.6956521739130435, 0.88, 0.9166666666666666]
[0.8614310721488354, 0.8451542547285166, 0.8683134537528795, 0.9343531843023134, 0.9106948332812036, 0.9574271077563381, 0.8213423005076352, 0.9343531843023134, 0.8864052604279182, 0.9574271077563381, 0.8864052604279182, 0.9511897312113419, 0.8908708063747479, 0.8614310721488354, 0.7559289460184544, 0.9343531843023134, 0.8451542547285166, 0.8864052604279182, 0.8864052604279182, 0.7766431633476233, 0.9511897312113419, 0.8908708063747479, 0.7559289460184544, 0.7968190728895957, 0.8683134537528795, 0.9258200997725514, 0.8864052604279182, 0.7559289460184544, 0.9106948332812036, 0.9343531843023134]
fsl_dist				0.8286				0.6623				0.7229				130.9333				2000				colon				211.54733392397563
[0.8571428571428572, 0.9047619047619048, 0.8809523809523809, 0.7499999999999999, 0.6904761904761905, 0.9404761904761905, 0.8214285714285714, 0.9047619047619047, 0.8333333333333334, 0.8809523809523809, 0.8095238095238095, 0.6071428571428572, 0.9285714285714286, 0.8452380952380952, 0.9523809523809524, 0.8214285714285714, 0.75, 0.8452380952380953, 0.7142857142857142, 0.8452380952380952, 0.8214285714285715, 0.7857142857142857, 0.7976190476190477, 0.8214285714285714, 0.9166666666666667, 0.8571428571428572, 0.8690476190476191, 0.6785714285714286, 0.8214285714285714, 0.9047619047619048]
[0.6666666666666666, 0.4444444444444444, 0.6666666666666666, 0.6153846153846154, 0.6153846153846154, 0.8235294117647058, 0.6666666666666666, 0.6, 0.8235294117647058, 0.7142857142857143, 0.7142857142857143, 0.5, 0.4444444444444444, 0.5454545454545454, 0.9230769230769231, 0.5454545454545454, 0.6666666666666666, 0.7692307692307693, 0.5454545454545454, 0.8333333333333334, 0.7142857142857143, 0.25, 0.7142857142857143, 0.7777777777777778, 0.8, 0.75, 0.7058823529411765, 0.6666666666666666, 0.75, 0.6153846153846154]
[0.7237468644557459, 0.5345224838248488, 0.7071067811865476, 0.6900655593423543, 0.6900655593423543, 0.8660254037844386, 0.7319250547113999, 0.6546536707079771, 0.8660254037844386, 0.7715167498104596, 0.7715167498104596, 0.5976143046671968, 0.5345224838248488, 0.6267831705280087, 0.9258200997725514, 0.6267831705280087, 0.7237468644557459, 0.809173593712687, 0.6267831705280087, 0.8451542547285166, 0.7715167498104596, 0.3779644730092272, 0.7715167498104596, 0.816496580927726, 0.8451542547285166, 0.8017837257372731, 0.7559289460184544, 0.7319250547113999, 0.8017837257372731, 0.6900655593423543]
fsl_dist				0.9327				0.8035				0.8312				170.3333				1868				golub-1999-v1				89.78673890431722
[0.7410714285714286, 0.9642857142857143, 0.7946428571428572, 1.0, 0.8482142857142856, 0.9553571428571428, 0.9910714285714286, 1.0, 0.8214285714285714, 0.8482142857142857, 0.8928571428571429, 0.9017857142857143, 0.9107142857142858, 0.9375, 0.9375, 0.9910714285714286, 1.0, 0.9732142857142857, 0.9464285714285715, 0.9821428571428571, 1.0, 0.9642857142857143, 0.9821428571428572, 1.0, 0.9464285714285714, 0.9821428571428571, 0.8839285714285714, 0.9375, 0.8482142857142857, 1.0]
[0.6666666666666666, 0.8571428571428571, 0.8571428571428571, 0.7692307692307693, 0.7692307692307693, 0.8571428571428571, 0.8571428571428571, 0.7692307692307693, 0.75, 0.7692307692307693, 0.8, 0.5454545454545454, 0.8888888888888888, 0.9411764705882353, 0.7692307692307693, 0.875, 1.0, 0.8421052631578947, 0.75, 0.7692307692307693, 1.0, 0.6666666666666666, 0.9333333333333333, 0.7692307692307693, 0.8, 0.9333333333333333, 0.5, 0.875, 0.6666666666666666, 0.8571428571428571]
[0.7319250547113999, 0.8660254037844386, 0.8660254037844386, 0.7905694150420949, 0.7905694150420949, 0.8660254037844386, 0.8660254037844386, 0.7905694150420949, 0.8017837257372731, 0.7905694150420949, 0.8345229603962802, 0.6123724356957945, 0.9258200997725514, 0.9636241116594315, 0.7905694150420949, 0.9013878188659973, 1.0, 0.8864052604279183, 0.8017837257372731, 0.7905694150420949, 1.0, 0.7071067811865476, 0.9354143466934853, 0.7905694150420949, 0.8345229603962802, 0.9354143466934853, 0.5900968443520823, 0.9013878188659973, 0.7071067811865476, 0.8660254037844386]
fsl_dist				0.9378				0.8188				0.8498				149.8667				7129				leukemia				158.2412184158961
[1.0, 0.7678571428571429, 0.9285714285714286, 0.9553571428571429, 0.8035714285714286, 0.9464285714285714, 0.9642857142857143, 0.9464285714285714, 1.0, 0.9375, 0.9910714285714286, 0.9285714285714286, 0.9642857142857143, 0.8035714285714286, 0.9910714285714286, 0.8482142857142857, 0.875, 0.8839285714285714, 0.9375, 0.9910714285714286, 1.0, 0.9107142857142857, 1.0, 0.9642857142857143, 0.9910714285714286, 0.875, 0.9910714285714286, 0.9732142857142857, 0.9642857142857143, 1.0]
[0.9333333333333333, 0.7142857142857143, 0.75, 0.8888888888888888, 0.7692307692307693, 0.875, 0.875, 0.7692307692307693, 0.8888888888888888, 0.8571428571428571, 0.9411764705882353, 0.8421052631578947, 0.6666666666666666, 0.75, 0.8571428571428571, 0.75, 0.6666666666666666, 0.9333333333333333, 0.875, 0.7692307692307693, 0.8888888888888888, 0.7058823529411765, 0.9333333333333333, 0.7692307692307693, 0.8571428571428571, 0.5454545454545454, 0.8421052631578947, 0.9333333333333333, 0.875, 0.8421052631578947]
[0.9354143466934853, 0.7618117502750551, 0.8017837257372731, 0.9258200997725514, 0.7905694150420949, 0.9013878188659973, 0.9013878188659973, 0.7905694150420949, 0.9258200997725514, 0.8660254037844386, 0.9636241116594315, 0.8864052604279183, 0.7071067811865476, 0.8017837257372731, 0.8660254037844386, 0.8017837257372731, 0.7319250547113999, 0.9354143466934853, 0.9013878188659973, 0.7905694150420949, 0.9258200997725514, 0.7676494735787385, 0.9354143466934853, 0.7905694150420949, 0.8660254037844386, 0.6123724356957945, 0.8864052604279183, 0.9354143466934853, 0.9013878188659973, 0.8864052604279183]
fsl_dist				0.9056				0.8318				0.8573				182.4				34				ionosphere				135.05793724854786
[0.8912538699690403, 0.9086687306501549, 0.8997678018575852, 0.9036377708978328, 0.9047987616099071, 0.9160216718266254, 0.9713622291021672, 0.8304953560371517, 0.9307275541795665, 0.9214396284829721, 0.9570433436532507, 0.891640866873065, 0.8931888544891641, 0.8390092879256966, 0.8711300309597524, 0.9531733746130031, 0.8405572755417957, 0.9357585139318886, 0.8564241486068112, 0.9113777089783281, 0.9264705882352942, 0.9330495356037152, 0.9423374613003096, 0.9404024767801858, 0.8761609907120743, 0.8277863777089783, 0.945046439628483, 0.961687306501548, 0.9071207430340558, 0.880030959752322]
[0.8059701492537313, 0.8533333333333334, 0.8450704225352113, 0.8484848484848485, 0.8108108108108109, 0.8695652173913043, 0.821917808219178, 0.8181818181818182, 0.8169014084507042, 0.7733333333333333, 0.8857142857142857, 0.8648648648648649, 0.7741935483870968, 0.8, 0.8378378378378378, 0.8648648648648649, 0.8059701492537313, 0.8823529411764706, 0.8157894736842105, 0.8307692307692308, 0.8333333333333334, 0.8732394366197183, 0.8888888888888888, 0.8266666666666667, 0.8235294117647058, 0.7027027027027027, 0.8918918918918919, 0.8611111111111112, 0.7692307692307693, 0.8571428571428571]
[0.8304387292101303, 0.883281245421826, 0.8687024593313278, 0.8583950752789521, 0.8484186711088271, 0.8819658593674606, 0.8552333883840195, 0.8367062802326781, 0.8475059019676318, 0.8205940610332834, 0.8965447951214947, 0.8902638145194516, 0.7947194142390263, 0.832765544443563, 0.8693704351773021, 0.8902638145194516, 0.8304387292101303, 0.8885233166386386, 0.8554596106835413, 0.8429272304235246, 0.8619942318412311, 0.8898290092116995, 0.9040671774267163, 0.8624430703157187, 0.845677408139635, 0.7639314964506633, 0.9111028257738678, 0.8830621504797423, 0.7990900397582659, 0.8753592805066045]
fsl_dist				0.9441				0.8478				0.8808				129.2				1081				armstrong-2002-v1				53.268316864967346
[0.9523809523809524, 1.0, 1.0, 0.9619047619047619, 0.9714285714285714, 0.8952380952380953, 0.9904761904761905, 0.9238095238095239, 0.9047619047619048, 0.9523809523809524, 0.9523809523809524, 0.9333333333333333, 0.8285714285714286, 1.0, 0.9523809523809524, 0.980952380952381, 0.9904761904761905, 0.8571428571428572, 1.0, 0.9904761904761905, 0.8476190476190476, 0.9714285714285714, 0.9904761904761905, 0.9619047619047619, 0.9904761904761905, 0.8666666666666667, 1.0, 0.9428571428571428, 1.0, 0.7142857142857142]
[0.875, 1.0, 0.9333333333333333, 0.8235294117647058, 0.6666666666666666, 0.9230769230769231, 0.9230769230769231, 0.7142857142857143, 0.8333333333333334, 0.8571428571428571, 0.7692307692307693, 0.8571428571428571, 0.7692307692307693, 1.0, 0.9230769230769231, 0.9333333333333333, 0.8571428571428571, 0.8, 1.0, 0.9230769230769231, 0.7692307692307693, 0.6666666666666666, 0.9230769230769231, 0.8571428571428571, 0.7272727272727273, 0.9230769230769231, 0.8333333333333334, 0.875, 0.9333333333333333, 0.5454545454545454]
[0.9309493362512627, 1.0, 0.9660917830792959, 0.8944271909999159, 0.7302967433402214, 0.9258200997725514, 0.9258200997725514, 0.7867957924694432, 0.8451542547285166, 0.8944271909999159, 0.816496580927726, 0.8944271909999159, 0.816496580927726, 1.0, 0.9258200997725514, 0.9660917830792959, 0.8944271909999159, 0.8618916073713346, 1.0, 0.9258200997725514, 0.816496580927726, 0.7302967433402214, 0.9258200997725514, 0.8944271909999159, 0.7559289460184544, 0.9258200997725514, 0.8451542547285166, 0.9309493362512627, 0.9660917830792959, 0.6324555320336759]
fsl_dist				0.8367				0.5876				0.7171				149.0667				798				shipp-2002-v1				24.906588888168336
[0.8240740740740741, 0.8240740740740741, 0.7222222222222222, 0.7037037037037037, 0.712962962962963, 0.8518518518518519, 0.7962962962962963, 0.6111111111111112, 0.787037037037037, 0.8703703703703703, 0.6666666666666667, 1.0, 0.7407407407407407, 0.9166666666666667, 0.9537037037037037, 0.8425925925925926, 0.8055555555555556, 0.8981481481481481, 0.8333333333333334, 0.8518518518518519, 0.9537037037037037, 0.8425925925925926, 0.7407407407407407, 0.9259259259259259, 0.9537037037037037, 0.9166666666666666, 0.9166666666666666, 0.7314814814814815, 0.9814814814814814, 0.9259259259259259]
[0.5714285714285714, 0.6666666666666666, 0.3333333333333333, 0.4444444444444444, 0.4, 0.625, 0.5882352941176471, 0.4, 0.5555555555555556, 0.5882352941176471, 0.4, 0.8, 0.375, 0.7272727272727273, 0.8, 0.7692307692307693, 0.6153846153846154, 0.6666666666666666, 0.6666666666666666, 0.5882352941176471, 0.8, 0.625, 0.4444444444444444, 0.6, 0.8, 0.5714285714285714, 0.6666666666666666, 0.0, 0.7058823529411765, 0.8333333333333334]
[0.7200822998230956, 0.8050764858994133, 0.5091750772173156, 0.5610836076867821, 0.5443310539518174, 0.775791113542719, 0.7453559924999299, 0.5443310539518174, 0.7136240321480628, 0.7453559924999299, 0.5443310539518174, 0.9128709291752769, 0.5527707983925667, 0.7934920476158722, 0.9128709291752769, 0.8606629658238704, 0.7453559924999299, 0.8050764858994133, 0.8050764858994133, 0.7453559924999299, 0.9128709291752769, 0.775791113542719, 0.6085806194501846, 0.6871842709362768, 0.9128709291752769, 0.7200822998230956, 0.816496580927726, 0.0, 0.8498365855987975, 0.8871510790372952]
fsl_dist				0.9543				0.8095				0.8692				140.8667				2648				dlbcl				66.89599326451619
[0.962962962962963, 0.9907407407407407, 0.9629629629629629, 0.9722222222222222, 0.9722222222222222, 0.9259259259259258, 0.962962962962963, 0.8518518518518519, 1.0, 0.7592592592592593, 0.9444444444444444, 1.0, 1.0, 0.9537037037037037, 1.0, 0.9722222222222223, 1.0, 1.0, 1.0, 0.8518518518518519, 0.9907407407407407, 0.9537037037037037, 0.9907407407407407, 1.0, 1.0, 0.9814814814814814, 0.9351851851851851, 0.9444444444444444, 0.9629629629629629, 0.7870370370370371]
[0.8333333333333334, 0.8333333333333334, 0.7692307692307693, 0.8, 0.6666666666666666, 0.5454545454545454, 0.7692307692307693, 0.6666666666666666, 0.9230769230769231, 0.6666666666666666, 0.8571428571428571, 1.0, 0.9090909090909091, 0.8333333333333334, 1.0, 0.9090909090909091, 0.9230769230769231, 0.9090909090909091, 1.0, 0.6666666666666666, 0.9090909090909091, 0.8571428571428571, 0.9230769230769231, 0.8, 0.9090909090909091, 0.8333333333333334, 0.7142857142857143, 0.8571428571428571, 0.75, 0.25]
[0.8871510790372952, 0.8871510790372952, 0.8606629658238704, 0.816496580927726, 0.7071067811865476, 0.6666666666666666, 0.8606629658238704, 0.8050764858994133, 0.97182531580755, 0.769800358919501, 0.9428090415820634, 1.0, 0.9128709291752769, 0.8871510790372952, 1.0, 0.9128709291752769, 0.97182531580755, 0.9128709291752769, 1.0, 0.8050764858994133, 0.9128709291752769, 0.9428090415820634, 0.97182531580755, 0.816496580927726, 0.9128709291752769, 0.8871510790372952, 0.8333333333333334, 0.9428090415820634, 0.8819171036881969, 0.3967460238079361]
fsl_dist				0.9919				0.9126				0.9459				145.3333				1626				gordon-2002				233.73291358947753
[1.0, 0.9903381642512078, 1.0, 1.0, 0.9951690821256038, 0.9951690821256038, 0.9975845410628019, 1.0, 1.0, 1.0, 1.0, 0.9951690821256038, 1.0, 0.9855072463768115, 0.9589371980676329, 1.0, 0.9758454106280193, 1.0, 1.0, 0.9903381642512078, 0.9951690821256038, 0.9951690821256038, 0.9444444444444444, 1.0, 0.9782608695652174, 1.0, 0.961352657004831, 1.0, 1.0, 1.0]
[0.875, 0.8235294117647058, 1.0, 0.9411764705882353, 0.9411764705882353, 0.782608695652174, 0.875, 0.9, 1.0, 0.8181818181818182, 1.0, 0.8421052631578947, 1.0, 0.9411764705882353, 0.8888888888888888, 0.9411764705882353, 0.8, 0.8, 1.0, 0.8888888888888888, 0.8888888888888888, 0.9473684210526315, 0.9411764705882353, 0.9473684210526315, 0.9473684210526315, 1.0, 0.9411764705882353, 0.8181818181818182, 0.9411764705882353, 0.9473684210526315]
[0.8819171036881969, 0.872278375988647, 1.0, 0.9428090415820634, 0.9428090415820634, 0.9440891630699332, 0.8819171036881969, 0.9780192938436515, 1.0, 0.9555330859059091, 1.0, 0.9220854330774995, 1.0, 0.9428090415820634, 0.9325048082403138, 0.9428090415820634, 0.816496580927726, 0.816496580927726, 1.0, 0.9325048082403138, 0.9325048082403138, 0.9890707100936805, 0.9428090415820634, 0.9890707100936805, 0.9890707100936805, 1.0, 0.9428090415820634, 0.9555330859059091, 0.9428090415820634, 0.9890707100936805]
fsl_dist				0.9912				0.9346				0.9467				111.4				2526				yeoh-2002-v1				748.6688458045323
[1.0, 1.0, 1.0, 1.0, 1.0, 1.0, 0.9106699751861043, 0.9925558312655087, 1.0, 0.9987593052109182, 1.0, 0.9838709677419355, 1.0, 0.9975186104218362, 1.0, 1.0, 0.9937965260545907, 1.0, 1.0, 0.9987593052109182, 0.9640198511166254, 1.0, 0.9925558312655086, 0.9838709677419355, 0.9230769230769231, 0.9962779156327544, 1.0, 1.0, 1.0, 1.0]
[0.96, 1.0, 1.0, 1.0, 0.9629629629629629, 1.0, 0.7, 0.9629629629629629, 1.0, 0.96, 1.0, 0.88, 0.96, 0.9166666666666666, 0.96, 0.9166666666666666, 0.9230769230769231, 0.9166666666666666, 1.0, 0.8181818181818182, 0.8461538461538461, 1.0, 0.88, 0.8333333333333334, 0.7619047619047619, 0.9629629629629629, 0.9166666666666666, 1.0, 1.0, 1.0]
[0.9607689228305228, 1.0, 1.0, 1.0, 0.9919027007433419, 1.0, 0.7337993857053428, 0.9919027007433419, 1.0, 0.9607689228305228, 1.0, 0.9124177790211814, 0.9607689228305228, 0.9198662110077999, 0.9607689228305228, 0.9198662110077999, 0.9529892893458669, 0.9198662110077999, 1.0, 0.8320502943378437, 0.9049080399654126, 1.0, 0.9124177790211814, 0.8699562180592483, 0.7844645405527362, 0.9919027007433419, 0.9198662110077999, 1.0, 1.0, 1.0]
fsl_dist				0.9954				0.8902				0.9119				146.6				4026				Lymphoma				105.92208414872488
[1.0, 1.0, 1.0, 1.0, 1.0, 1.0, 1.0, 1.0, 1.0, 1.0, 1.0, 1.0, 1.0, 0.9411764705882353, 1.0, 1.0, 1.0, 1.0, 1.0, 1.0, 1.0, 0.9803921568627451, 1.0, 1.0, 1.0, 1.0, 1.0, 1.0, 0.9411764705882353, 1.0]
[0.5, 0.8, 1.0, 0.75, 1.0, 1.0, 1.0, 1.0, 1.0, 0.8, 1.0, 1.0, 0.5, 0.8571428571428571, 1.0, 1.0, 1.0, 1.0, 1.0, 0.8, 0.5, 0.8, 1.0, 1.0, 1.0, 0.8, 1.0, 0.8, 0.8, 1.0]
[0.5773502691896257, 0.816496580927726, 1.0, 0.9393364366277243, 1.0, 1.0, 1.0, 1.0, 1.0, 0.816496580927726, 1.0, 1.0, 0.5773502691896257, 0.9701425001453319, 1.0, 1.0, 1.0, 1.0, 1.0, 0.816496580927726, 0.5773502691896257, 0.816496580927726, 1.0, 1.0, 1.0, 0.816496580927726, 1.0, 0.816496580927726, 0.816496580927726, 1.0]
fsl_dist				1.0				0.9933				0.9935				125.6				1571				su-2001				150.29825239976248
[1.0, 1.0, 1.0, 1.0, 1.0, 1.0, 1.0, 1.0, 1.0, 1.0, 1.0, 1.0, 1.0, 1.0, 1.0, 1.0, 1.0, 1.0, 1.0, 1.0, 1.0, 1.0, 1.0, 1.0, 1.0, 1.0, 1.0, 1.0, 1.0, 1.0]
[1.0, 0.9333333333333333, 1.0, 1.0, 1.0, 1.0, 1.0, 1.0, 1.0, 0.9333333333333333, 1.0, 1.0, 1.0, 1.0, 1.0, 1.0, 1.0, 1.0, 1.0, 1.0, 1.0, 1.0, 1.0, 1.0, 1.0, 1.0, 1.0, 0.9333333333333333, 1.0, 1.0]
[1.0, 0.9354143466934853, 1.0, 1.0, 1.0, 1.0, 1.0, 1.0, 1.0, 0.9354143466934853, 1.0, 1.0, 1.0, 1.0, 1.0, 1.0, 1.0, 1.0, 1.0, 1.0, 1.0, 1.0, 1.0, 1.0, 1.0, 1.0, 1.0, 0.9354143466934853, 1.0, 1.0]
fsl_dist				0.9964				0.9095				0.9171				138.5333				2315				tomlins-2006				162.54732552369435
[1.0, 1.0, 1.0, 0.9910714285714286, 1.0, 1.0, 1.0, 1.0, 1.0, 1.0, 1.0, 1.0, 1.0, 1.0, 1.0, 1.0, 1.0, 1.0, 1.0, 0.9910714285714286, 0.9910714285714286, 1.0, 0.9642857142857143, 1.0, 1.0, 0.9821428571428572, 1.0, 0.9732142857142858, 1.0, 1.0]
[0.8571428571428571, 0.6666666666666666, 1.0, 0.8571428571428571, 0.8571428571428571, 1.0, 1.0, 1.0, 1.0, 0.8571428571428571, 0.8571428571428571, 1.0, 1.0, 0.8571428571428571, 1.0, 0.8571428571428571, 1.0, 1.0, 1.0, 0.8571428571428571, 0.6666666666666666, 0.8571428571428571, 0.8571428571428571, 1.0, 1.0, 0.6666666666666666, 1.0, 0.8571428571428571, 0.8571428571428571, 1.0]
[0.8660254037844386, 0.7071067811865476, 1.0, 0.8660254037844386, 0.8660254037844386, 1.0, 1.0, 1.0, 1.0, 0.8660254037844386, 0.8660254037844386, 1.0, 1.0, 0.8660254037844386, 1.0, 0.8660254037844386, 1.0, 1.0, 1.0, 0.8660254037844386, 0.7071067811865476, 0.8660254037844386, 0.8660254037844386, 1.0, 1.0, 0.7071067811865476, 1.0, 0.8660254037844386, 0.8660254037844386, 1.0]
fsl_dist				0.9796				0.8599				0.937				131.5333				12600				lung				980.4087616840999
[1.0, 0.9964285714285714, 0.7928571428571428, 1.0, 0.9678571428571429, 1.0, 0.9785714285714285, 1.0, 1.0, 1.0, 0.8, 0.9928571428571429, 0.9892857142857143, 1.0, 1.0, 1.0, 1.0, 0.9642857142857143, 1.0, 1.0, 1.0, 1.0, 0.9785714285714285, 0.9821428571428571, 0.9821428571428572, 0.9857142857142858, 1.0, 0.9785714285714286, 1.0, 1.0]
[0.8333333333333334, 0.8333333333333334, 0.8, 1.0, 0.5333333333333333, 0.8888888888888888, 0.7692307692307693, 0.8888888888888888, 1.0, 1.0, 0.75, 0.8, 0.75, 0.9090909090909091, 0.8888888888888888, 1.0, 0.8888888888888888, 0.8333333333333334, 0.9090909090909091, 0.7692307692307693, 1.0, 1.0, 0.7272727272727273, 0.8, 0.7142857142857143, 0.8, 1.0, 0.8, 1.0, 0.9090909090909091]
[0.9819805060619657, 0.9819805060619657, 0.8864052604279183, 1.0, 0.8451542547285167, 0.8944271909999159, 0.9728456051340169, 0.8944271909999159, 1.0, 1.0, 0.7745966692414834, 0.8864052604279183, 0.7745966692414834, 0.9910312089651149, 0.8944271909999159, 1.0, 0.8944271909999159, 0.9819805060619657, 0.9910312089651149, 0.9728456051340169, 1.0, 1.0, 0.8783100656536799, 0.8864052604279183, 0.9636241116594315, 0.8864052604279183, 1.0, 0.8864052604279183, 1.0, 0.9910312089651149]
fsl_dist				1.0				0.9928				0.9997				152.7333				16				Dry_Bean_Dataset				2783.17869284153
[1.0, 1.0, 1.0, 0.9997453526865292, 1.0, 1.0, 1.0, 1.0, 1.0, 0.9997453526865291, 1.0, 1.0, 1.0, 1.0, 1.0, 1.0, 1.0, 1.0, 1.0, 1.0, 1.0, 1.0, 1.0, 1.0, 1.0, 1.0, 0.9999967560851788, 0.999977292596251, 1.0, 1.0]
[0.9781931464174455, 0.9968253968253968, 0.9936708860759493, 0.9874213836477987, 0.9936708860759493, 0.9905362776025236, 0.9843260188087775, 0.9968253968253968, 0.9936708860759493, 0.9936708860759493, 0.9968253968253968, 0.9905362776025236, 0.9905362776025236, 0.9905362776025236, 1.0, 0.9968253968253968, 0.9968253968253968, 1.0, 0.9968253968253968, 1.0, 0.9905362776025236, 0.9843260188087775, 0.9936708860759493, 0.9905362776025236, 0.9874213836477987, 0.9936708860759493, 0.9936708860759493, 0.9936708860759493, 0.9968253968253968, 0.9905362776025236]
[0.9991083368712844, 0.9998726682365756, 0.999745320255643, 0.999490575616457, 0.999745320255643, 0.9996179560510042, 0.9993631789457953, 0.9998726682365756, 0.999745320255643, 0.999745320255643, 0.9998726682365756, 0.9996179560510042, 0.9996179560510042, 0.9996179560510042, 1.0, 0.9998726682365756, 0.9998726682365756, 1.0, 0.9998726682365756, 1.0, 0.9996179560510042, 0.9993631789457953, 0.999745320255643, 0.9996179560510042, 0.999490575616457, 0.999745320255643, 0.999745320255643, 0.999745320255643, 0.9998726682365756, 0.9996179560510042]
fsl_dist				0.782				0.4226				0.717				118.0				8				yeast				188.07117279370627
[0.51875, 0.6935606060606061, 0.9140151515151516, 0.8914772727272728, 0.7931818181818182, 0.7920454545454545, 0.7664772727272727, 0.8287878787878789, 0.7702651515151515, 0.6651515151515153, 0.9407196969696969, 0.7731060606060606, 0.9151515151515152, 0.8613636363636363, 0.6914772727272728, 0.7227272727272727, 0.6765151515151515, 0.7501893939393939, 0.6299242424242424, 0.7246212121212122, 0.9920454545454546, 0.7710227272727272, 0.7227272727272728, 0.7401515151515151, 0.6666666666666667, 0.9121212121212121, 0.8, 0.8659090909090909, 0.8212121212121212, 0.8473484848484849]
[0.12121212121212122, 0.4444444444444444, 0.7692307692307693, 0.23809523809523808, 0.6153846153846154, 0.2727272727272727, 0.17647058823529413, 0.6153846153846154, 0.5, 0.4, 0.9090909090909091, 0.4, 0.24390243902439024, 0.5, 0.2727272727272727, 0.2857142857142857, 0.4444444444444444, 0.5454545454545454, 0.2, 0.4, 0.7692307692307693, 0.5, 0.5454545454545454, 0.08823529411764706, 0.42857142857142855, 0.5882352941176471, 0.1111111111111111, 0.34782608695652173, 0.4, 0.5454545454545454]
[0.5607084263625253, 0.5766938161414231, 0.9107938595233581, 0.8801256797305781, 0.8137083089911348, 0.696582567056679, 0.6867247695335513, 0.8137083089911348, 0.5773502691896257, 0.5760366149978504, 0.9128709291752769, 0.5760366149978504, 0.8812009711269907, 0.7046920668568003, 0.696582567056679, 0.6973977605094789, 0.5766938161414231, 0.7054978899523887, 0.4068541544955674, 0.702269049710877, 0.9107938595233581, 0.7046920668568003, 0.7054978899523887, 0.6579928156557224, 0.7030776499208191, 0.9066254446957117, 0.7567874686642695, 0.8043442652059484, 0.702269049710877, 0.7054978899523887]
fsl_dist				0.952				0.3623				0.8914				146.6				16				letter-recognition				2964.412867442767
[0.9554675380073271, 0.94791376535612, 0.9610453035587969, 0.9426458120782528, 0.9451136270852236, 0.9449426961756499, 0.9395171659655193, 0.95001720755362, 0.9336589668905302, 0.9523339318458783, 0.9491976548889675, 0.9539676955842593, 0.9677520525063126, 0.9591055429689019, 0.9448293781396153, 0.9638694789888521, 0.9574221787433679, 0.9462200994909464, 0.9451433873775155, 0.9597297460226133, 0.9468923768629752, 0.9446435670838957, 0.9518310592145877, 0.9540668965585656, 0.9504735320354284, 0.9486840990758285, 0.9691576540037894, 0.9569631834660973, 0.9550154104898163, 0.9632681684676732]
[0.35058430717863104, 0.353887399463807, 0.3855855855855856, 0.3383838383838384, 0.2973523421588595, 0.307475317348378, 0.296243798724309, 0.33046202036021927, 0.40042149631190727, 0.36427320490367776, 0.4192513368983957, 0.370304114490161, 0.396709323583181, 0.354552780016116, 0.34596375617792424, 0.4028056112224449, 0.349232012934519, 0.3, 0.3919062832800852, 0.34651898734177217, 0.5119760479041916, 0.455026455026455, 0.3299452697419859, 0.34811165845648606, 0.32791956689868523, 0.3403225806451613, 0.4044734389561976, 0.3271889400921659, 0.3914656771799629, 0.3300678221552374]
[0.8961928427294986, 0.8760078424447865, 0.9129531936429665, 0.8768658845069381, 0.8905785218631602, 0.8935835353916342, 0.8747612923478231, 0.8913065393646168, 0.871706276414938, 0.896706985216581, 0.8870507741155436, 0.8965772005738262, 0.9210396731095064, 0.9142578462905917, 0.894761223855825, 0.8933285920229023, 0.9059082846735665, 0.8826322846069049, 0.8581593732357671, 0.9099765054595329, 0.8473915017219956, 0.8431208783528148, 0.8911258752218134, 0.8988319305770736, 0.8920570593761618, 0.8946422453491811, 0.9229254873137414, 0.8934310905637203, 0.9091031287651633, 0.9041730834175425]
